21 12
70 65 64 62 61 60 25 20 10 15 30 25 24 22 21 20 15 10 10 15 21
10 22 52 60 55 40 24 17 15 13 12 22 10 10 45 10 14 15 15 15 45
10 21 50 45 44 38 33 15 25 24 11 21 10 45 45 45 13 15 15 30 45
10 19 15 10 45 40 32 30 20 18 10 19 15 10 45 10 12 15 30 30 45
10 10 12 10 10 10 10 30 30 15  9 10 12 10 10 10 10 30 30 30 10
10 10 12  1 3   5  8 30 3  2  1  10 12  1  3  5  8 30 30 30 3 
55 55 55 10 2   5  7 20 1   5  5 55  5 11  2  5 10 20 10 30 2 
60 60 55 10 10  3  4 10 20 40 60 60 55 10 10  3 10 10 20 40 10
60 60 55 10 10 10 10 10 40 40 60 60 55 10 10 10 10 10 40 40 10
70 60 55 55 10 10 10 40 40 40 70 60 55 55 10 10 10 40 40 40 10
70 60 55 55 30 20 40 40 40 -1 70 60 55 55 30 20 40 40 40 40 30
70 60 55 55 30 40 40 40 40 40 70 60 55 55 30 40 40 40 40 40 30
